894.5418518518519
759.7568518518518
781.0708024691359
856.4068981481481
832.5486666666667
864.2006481481482
838.6086772486773
812.5667592592592
796.8043621399177
787.1232222222222
774.3209427609428
770.4170370370371
767.2158974358974
761.7370767195767
766.4605555555555
763.8793518518519
766.8586165577342
767.6849897119341
774.6648538011696
770.6703333333334
778.69778659612
780.6288215488215
783.6350080515298
781.9757330246914
798.3533629629629
797.5125142450142
790.3649108367626
809.4187830687831
807.2245721583653
802.4062222222223
802.6354062126643
806.8181655092593
810.5527160493828
810.01598583878
826.7761058201058
821.7395730452674
814.517992992993
820.6427631578947
834.4192022792023
839.1290694444444
841.3889927732611
837.5186463844797
838.4807364341085
841.326271043771
836.1530699588477
835.385309983897
836.2862765957447
839.5984143518518
842.3948488284202
841.0854074074074
843.0540014524328
847.0994230769231
859.4871523410203
864.1243861454046
878.0888787878788
874.9818849206349
874.0449740090968
877.1184514687101
874.5872693032015
877.2704629629629
891.0253825136612
887.6530047789726
890.4335097001764
887.2958101851851
891.3631595441595
889.9164421997756
885.1937368711996
888.0077941176471
895.9845571658615
898.8744365079365
902.0982916014606
900.4623019547325
896.3054718417047
900.3767642642642
899.8652074074074
897.2504191033138
898.4247017797018
896.5410113960114
895.8596905766526
894.9637592592593
898.7838454503886
904.3389114724481
903.0678067826863
911.4066181657848
909.722165577342
912.579112833764
908.4404342273308
910.1429945286195
909.5168060757387
907.1015020576132
903.3715974765975
915.3540720611916
914.7901632815611
914.3441843971631
924.5748304093568
928.8803414351852
925.6569453990072
926.5353042328043
924.9713224841003
922.3031518518519
921.4072075540887
920.8356808278867
919.9521916576771
916.25099002849
915.6444814814815
916.606105870021
914.2148148148148
912.1826148834019
911.4778389398573
912.1705925925926
912.2793410076744
911.3812996031746
909.6041560144215
907.951276803119
908.4469001610306
917.869538633461
917.6041231402343
916.8872190834903
914.704130096483
911.7494074074074
911.1588276706459
908.8774696417729
908.9148404095153
907.2025851254481
906.5924874074074
906.2510670194004
908.4627194517352
907.0956264467593
904.870684754522
907.7246552706553
909.2090344925077
909.3805134680134
910.8760665552771
920.2324309010503
918.8221234567901
918.7668137254902
918.9524020005407
919.0139841653247
919.4715614175326
921.3569907407407
920.0315694772787
920.2542318727178
919.0090222740223
916.3197903806584
920.2620523627075
921.6725824454592
919.4693663391282
922.684273023023
930.3880549341287
928.3080271604938
928.3897780230561
928.4190752923977
928.5165613652869
933.0047835497835
932.5161648745519
930.7374833808167
929.6847110167492
928.0542311298641
926.3939820638249
924.9833599537037
923.1581941568899
922.4023182441701
921.3846784821632
920.2443992773261
919.1513063973064
917.566182507809
916.6617853182523
914.782852733686
915.8376802542188
915.6891470588236
913.9600184102231
913.5220413436692
913.2500760008563
913.8400117071094
913.0774486772486
911.5161384680134
911.7009562670015
911.7793591344154
910.2223784398924
908.6954711934156
908.0511990996522
908.5838013838014
910.6729558793767
909.8107216183574
912.9438158158158
911.7051961369972
912.2518082788671
911.9165011820331
919.1767901234568
920.5583294346978
920.7500523560209
919.6830063657408
918.7507551333717
917.5246907216494
918.3996989553656
920.0119113756614
920.3679939838315
919.8393714927048
920.2128373348222
919.4786055555555
