268.6304761904762
229.37808617072778
220.26202923290302
173.60530085959886
182.51997187959353
156.46123592478853
126.86535815830506
114.57529096508419
115.70977571484251
124.29857033443962
136.14624655147378
122.29330802088278
126.44417872568877
116.23168800615301
114.2613510755888
101.12125470017811
106.99861971200478
108.74832817119527
112.22891264824112
113.61286995159882
117.2881978563546
120.87853078716104
117.60761294421502
120.49939772591897
118.6364745659303
117.8638562458772
122.9826747220198
123.73355704697987
115.7743055175359
118.38026129420967
121.01388406093446
120.77088767020042
117.28684296945931
104.10843745035557
103.58978433598183
104.36173731549204
101.4142864508146
102.91452154331684
102.92965214123491
98.84938733290898
96.69646406609107
93.6826786649165
89.75998160210092
84.3894424622168
80.36513587110683
79.60177470421597
79.06298323756418
76.2994362316043
76.12264692079053
76.48363195043275
77.93825272893612
79.61871934487817
81.33887661285952
82.29143603936039
76.7497490120068
77.26309851450452
78.76633170048986
79.37950487638422
78.38664626497686
79.12428211774599
76.06965434567526
72.65079863649939
72.42403020244761
72.71100791588314
73.30512085452297
74.70834260396815
74.31802680587177
75.46216254284239
76.15851339031603
77.71506730549852
74.07971275170199
72.93026039311647
74.47436985079327
74.37003303404317
73.29952096063361
71.94172803616215
71.3732850578145
70.29261854994057
66.73390646492435
67.35619813588697
68.1893136639712
68.84571127872303
69.72286154438667
70.51648272187548
70.99667810332114
70.14067518139646
69.60183732338729
70.7790076530056
71.57953324203768
72.1814698847421
72.37277366208865
73.01504130622236
73.9161119973596
75.04798851161429
75.37600657132855
76.33389324374767
76.10528798263726
76.79380470589004
77.22581666203725
77.21019083847457
78.1699167254853
78.53897470478461
74.9781066760204
75.68493597134467
75.05149158755579
74.57751268943623
73.24648373418913
74.05859090559268
74.82553031659072
74.04109987295293
74.09130031245316
73.10400077712731
71.82569280076103
72.65944471417626
73.24556189140375
73.44212393873424
73.25295108689707
73.56810858314617
72.94709565329647
73.8440065593878
74.49084923247788
75.31953140567809
75.31826936823363
75.98773273505596
76.42038293188625
75.26925020761958
74.22040310514889
74.62885598250547
73.74962249227008
73.6413539475788
74.15808398142859
74.42829968765372
73.13792862999502
73.22203955609746
73.68897827111715
73.84481610858238
72.53820376117716
71.7440654469924
71.38116576447194
71.92323811700183
72.20039622204774
70.4591170894484
70.95784373134295
71.51475112881099
71.99355466294328
71.4384555578673
71.92364849281329
71.46847619459086
71.52187616665022
70.66068125442193
69.80662029385437
70.33130773225899
70.41526381188068
70.9700706636072
71.0292598151187
70.86633902707841
70.28940106795169
70.29935351624093
70.69910188664082
71.15777156549521
71.70187942474364
72.18056443024494
72.1181181043891
72.43039145976799
71.78491316616666
70.80985334105661
71.33462700841622
71.34454131449597
70.60547801741819
69.6444375534444
68.84275349052692
69.1163000652025
68.58995704635522
68.35583469823945
68.17863994027813
68.71483173351773
68.87924894086727
68.24989636924491
68.31996009088427
67.71063644753656
68.09773350351034
68.07210215144366
68.30321260244023
68.43710993258802
68.7993634643015
69.18802898939187
68.60935930120499
68.73181248799624
69.18900267555476
69.36444907004193
69.72150255600461
69.98297788073035
70.32601594924847
70.68651289027375
70.91532978287587
69.9005164274109
70.2344752567058
70.49357580294397
70.20782473015404
69.61891299625611
