1301.3498148148149
939.2407407407408
1023.6083950617284
1147.245787037037
1536.0537777777777
1526.906327160494
1576.1121428571428
1530.1672916666666
1537.2514197530863
1575.0618518518518
1556.1561111111112
1641.280586419753
1622.7326638176637
1610.4840343915344
1615.754975308642
1568.5271180555555
1637.2885185185185
1628.917037037037
1633.2569298245614
1629.4775648148147
1664.9215255731922
1671.1262962962962
1689.411344605475
1668.998263888889
1706.902185185185
1681.2750356125357
1660.5038477366254
1648.258525132275
1627.3095530012772
1687.2420864197532
1681.646182795699
1655.487326388889
1639.9700785634118
1621.4685784313726
1622.3178783068784
1614.321774691358
1611.6153953953954
1615.9409161793371
1599.4276638176639
1588.4011018518518
1569.3587804878048
1606.2848589065256
1585.5701851851852
1576.048446969697
1563.760975308642
1582.36423510467
1580.3073010244286
1627.4279012345678
1652.786768707483
1641.0914518518518
1628.6266521423383
1615.3499786324787
1629.9017051013277
1631.0398216735255
1637.7618215488214
1624.3263194444444
1621.4847985705003
1612.198132183908
1630.295856873823
1620.1469043209877
1625.2408773527627
1620.0428524492233
1618.6624368018813
1618.8728877314816
1618.6095213675214
1609.8688776655442
1600.009566058596
1587.8655119825708
1585.5202522812667
1581.2267962962962
1583.1876812728221
1580.291427469136
1579.9247387113141
1592.5069694694694
1589.689261728395
1591.9601047758285
1580.4605603655605
1571.3803727445395
1573.491537740272
1567.2988310185185
1581.9435459533609
1586.1514092140922
1596.9513453815262
1590.3605268959436
1585.3995076252722
1578.3560572782085
1580.896411238825
1579.7150715488215
1568.4180794839783
1566.2088395061728
1572.176273911274
1563.508578904992
1570.701013540422
1575.5568498817968
1573.7148674463938
1566.2121489197532
1563.243566246659
1557.1592989417989
1548.6466835016836
1549.8490333333334
1540.0089127246058
1536.4481481481482
1534.2617745415318
1532.663628917379
1533.1074038800705
1530.6691893780574
1541.1604776739357
1546.5451457475995
1547.6879527692831
1563.8120033670034
1558.4096162829496
1550.9842923280423
1560.3049164208455
1563.7915285899935
1558.2857552334945
1557.746098339719
1558.440606204495
1554.547889202762
1546.7612324929971
1546.2809074074073
1547.439175084175
1540.9718366727384
1537.039709424872
1534.691163381123
1528.7634533333332
1523.3825176366843
1522.9438407699038
1531.2919401041668
1533.9215087568189
1539.6704985754986
1546.4159513712186
1545.3324887766555
1553.2211821219717
1556.1204906025428
1556.7627050754459
1556.3597780501088
1551.4367126250338
1557.5559380032207
1561.8103623767652
1559.5121851851852
1563.2130811662726
1569.4345070422535
1565.4632245532246
1562.0012654320988
1555.5792324393358
1553.086396499239
1553.1330952380952
1549.9082882882883
1550.8018829231917
1546.338512345679
1552.7788386068187
1553.2594883040936
1555.094655047204
1557.45708994709
1556.599531660693
1555.7364043209877
1552.289727530078
1556.9844866385372
1561.2604926624738
1556.1554988425926
1551.4494927536232
1557.1924611339734
1563.1391888207227
1560.2008897922312
1556.5654253647588
1556.7956593038823
1551.8254779330227
1552.9551212522047
1550.4020282708743
1550.3986503267975
1561.9282954299329
1559.9872663652025
1555.715622992935
1557.1264005959983
1561.9879724867724
1562.40507996633
1564.6799665201925
1563.1881939242614
1565.7485588661286
1575.2224701646091
1583.835985267035
1587.8925936100936
1585.1841327666464
1584.8487389291465
1582.7373213213214
1583.3318926722422
1584.3966835016836
1596.3453802206461
1597.5227777777777
1609.4188450292397
1611.6238316850881
1609.3152025462964
1608.6796929572058
1607.4487514318441
1609.8293675213674
1606.3870275888132
1612.9783897349125
1611.5484848484848
1608.7720928717663
1606.754812962963
